0.016666666666666666 0.0015151515151515152 0.0015151515151515152 0.0015151515151515152 0.0015151515151515152 0.0015151515151515152 0.0015151515151515152 0.0015151515151515152 0.2893939393939394 0.0015151515151515152 0.5621212121212121 0.0015151515151515152 0.0015151515151515152 0.0015151515151515152 0.016666666666666666 0.0015151515151515152 0.0015151515151515152 0.0015151515151515152 0.09242424242424242 0.0015151515151515152 
0.1760869565217391 0.002173913043478261 0.5891304347826087 0.002173913043478261 0.002173913043478261 0.002173913043478261 0.002173913043478261 0.002173913043478261 0.002173913043478261 0.002173913043478261 0.002173913043478261 0.002173913043478261 0.002173913043478261 0.002173913043478261 0.15434782608695652 0.002173913043478261 0.002173913043478261 0.002173913043478261 0.002173913043478261 0.04565217391304348 
0.2318181818181818 0.5954545454545455 0.004545454545454546 0.09545454545454546 0.004545454545454546 0.004545454545454546 0.004545454545454546 0.004545454545454546 0.004545454545454546 0.004545454545454546 0.004545454545454546 0.004545454545454546 0.004545454545454546 0.004545454545454546 0.004545454545454546 0.004545454545454546 0.004545454545454546 0.004545454545454546 0.004545454545454546 0.004545454545454546 
0.002857142857142857 0.002857142857142857 0.9171428571428571 0.002857142857142857 0.002857142857142857 0.002857142857142857 0.002857142857142857 0.002857142857142857 0.002857142857142857 0.03142857142857143 0.002857142857142857 0.002857142857142857 0.002857142857142857 0.002857142857142857 0.002857142857142857 0.002857142857142857 0.002857142857142857 0.002857142857142857 0.002857142857142857 0.002857142857142857 
0.9236842105263158 0.002631578947368421 0.002631578947368421 0.002631578947368421 0.002631578947368421 0.002631578947368421 0.002631578947368421 0.002631578947368421 0.002631578947368421 0.002631578947368421 0.002631578947368421 0.002631578947368421 0.002631578947368421 0.002631578947368421 0.002631578947368421 0.002631578947368421 0.002631578947368421 0.002631578947368421 0.028947368421052635 0.002631578947368421 
0.001851851851851852 0.001851851851851852 0.001851851851851852 0.001851851851851852 0.001851851851851852 0.001851851851851852 0.001851851851851852 0.001851851851851852 0.18703703703703703 0.001851851851851852 0.001851851851851852 0.18703703703703703 0.001851851851851852 0.001851851851851852 0.07592592592592592 0.11296296296296296 0.05740740740740741 0.001851851851851852 0.020370370370370372 0.3351851851851852 
0.2660377358490566 0.0018867924528301887 0.5113207547169811 0.0018867924528301887 0.0018867924528301887 0.0018867924528301887 0.0018867924528301887 0.0018867924528301887 0.05849056603773585 0.0018867924528301887 0.020754716981132078 0.0018867924528301887 0.0018867924528301887 0.0018867924528301887 0.0018867924528301887 0.1150943396226415 0.0018867924528301887 0.0018867924528301887 0.0018867924528301887 0.0018867924528301887 
0.002631578947368421 0.2131578947368421 0.002631578947368421 0.002631578947368421 0.5815789473684211 0.05526315789473685 0.002631578947368421 0.002631578947368421 0.028947368421052635 0.002631578947368421 0.002631578947368421 0.002631578947368421 0.002631578947368421 0.002631578947368421 0.002631578947368421 0.002631578947368421 0.002631578947368421 0.002631578947368421 0.002631578947368421 0.08157894736842106 
0.06595744680851064 0.002127659574468085 0.7893617021276597 0.002127659574468085 0.002127659574468085 0.002127659574468085 0.002127659574468085 0.002127659574468085 0.002127659574468085 0.002127659574468085 0.002127659574468085 0.02340425531914894 0.002127659574468085 0.002127659574468085 0.002127659574468085 0.04468085106382979 0.002127659574468085 0.002127659574468085 0.04468085106382979 0.002127659574468085 
0.002702702702702703 0.002702702702702703 0.02972972972972973 0.002702702702702703 0.002702702702702703 0.002702702702702703 0.02972972972972973 0.002702702702702703 0.7324324324324325 0.002702702702702703 0.002702702702702703 0.002702702702702703 0.002702702702702703 0.002702702702702703 0.002702702702702703 0.002702702702702703 0.002702702702702703 0.002702702702702703 0.002702702702702703 0.16486486486486485 
0.002272727272727273 0.002272727272727273 0.002272727272727273 0.002272727272727273 0.002272727272727273 0.002272727272727273 0.002272727272727273 0.002272727272727273 0.002272727272727273 0.04772727272727273 0.002272727272727273 0.04772727272727273 0.002272727272727273 0.002272727272727273 0.002272727272727273 0.4113636363636364 0.07045454545454545 0.09318181818181817 0.29772727272727273 0.002272727272727273 
0.002272727272727273 0.002272727272727273 0.002272727272727273 0.002272727272727273 0.002272727272727273 0.002272727272727273 0.002272727272727273 0.002272727272727273 0.25227272727272726 0.002272727272727273 0.002272727272727273 0.002272727272727273 0.002272727272727273 0.002272727272727273 0.002272727272727273 0.5931818181818183 0.002272727272727273 0.002272727272727273 0.09318181818181817 0.025 
0.005 0.005 0.5549999999999999 0.005 0.005 0.005 0.005 0.005 0.005 0.005 0.005 0.005 0.005 0.005 0.005 0.005 0.005 0.355 0.005 0.005 
0.003703703703703704 0.003703703703703704 0.003703703703703704 0.003703703703703704 0.003703703703703704 0.07777777777777778 0.003703703703703704 0.003703703703703704 0.7444444444444445 0.040740740740740744 0.003703703703703704 0.003703703703703704 0.003703703703703704 0.003703703703703704 0.003703703703703704 0.003703703703703704 0.07777777777777778 0.003703703703703704 0.003703703703703704 0.003703703703703704 
0.0017543859649122807 0.0368421052631579 0.7210526315789474 0.0017543859649122807 0.0017543859649122807 0.0017543859649122807 0.0017543859649122807 0.0017543859649122807 0.0017543859649122807 0.0017543859649122807 0.0017543859649122807 0.10701754385964912 0.0017543859649122807 0.0017543859649122807 0.08947368421052632 0.01929824561403509 0.0017543859649122807 0.0017543859649122807 0.0017543859649122807 0.0017543859649122807 
0.03928571428571429 0.3964285714285714 0.0035714285714285718 0.21785714285714283 0.0035714285714285718 0.0035714285714285718 0.0035714285714285718 0.0035714285714285718 0.25357142857142856 0.0035714285714285718 0.0035714285714285718 0.0035714285714285718 0.03928571428571429 0.0035714285714285718 0.0035714285714285718 0.0035714285714285718 0.0035714285714285718 0.0035714285714285718 0.0035714285714285718 0.0035714285714285718 
0.004166666666666667 0.004166666666666667 0.004166666666666667 0.04583333333333334 0.004166666666666667 0.004166666666666667 0.004166666666666667 0.04583333333333334 0.004166666666666667 0.29583333333333334 0.004166666666666667 0.004166666666666667 0.004166666666666667 0.004166666666666667 0.004166666666666667 0.004166666666666667 0.004166666666666667 0.004166666666666667 0.004166666666666667 0.5458333333333333 
0.1 0.0032258064516129032 0.0032258064516129032 0.0032258064516129032 0.26129032258064516 0.0032258064516129032 0.0032258064516129032 0.0032258064516129032 0.132258064516129 0.0032258064516129032 0.0032258064516129032 0.0032258064516129032 0.0032258064516129032 0.0032258064516129032 0.22903225806451613 0.0032258064516129032 0.0032258064516129032 0.0032258064516129032 0.06774193548387097 0.16451612903225804 
0.0018867924528301887 0.0018867924528301887 0.0018867924528301887 0.3415094339622642 0.020754716981132078 0.0018867924528301887 0.37924528301886795 0.0018867924528301887 0.0018867924528301887 0.0018867924528301887 0.0018867924528301887 0.0018867924528301887 0.0018867924528301887 0.0018867924528301887 0.1339622641509434 0.09622641509433962 0.0018867924528301887 0.0018867924528301887 0.0018867924528301887 0.0018867924528301887 
0.0011235955056179776 0.11348314606741573 0.2932584269662922 0.0011235955056179776 0.0348314606741573 0.0011235955056179776 0.0011235955056179776 0.0011235955056179776 0.012359550561797755 0.0011235955056179776 0.0011235955056179776 0.02359550561797753 0.0011235955056179776 0.0011235955056179776 0.4056179775280899 0.10224719101123596 0.0011235955056179776 0.0011235955056179776 0.0011235955056179776 0.0011235955056179776 
0.003125 0.003125 0.878125 0.003125 0.003125 0.003125 0.003125 0.003125 0.003125 0.003125 0.003125 0.003125 0.003125 0.003125 0.003125 0.065625 0.003125 0.003125 0.003125 0.003125 
0.06833333333333333 0.0016666666666666668 0.11833333333333333 0.48500000000000004 0.0016666666666666668 0.20166666666666666 0.0016666666666666668 0.018333333333333333 0.0016666666666666668 0.035 0.0016666666666666668 0.0016666666666666668 0.0016666666666666668 0.0016666666666666668 0.0016666666666666668 0.0016666666666666668 0.0016666666666666668 0.051666666666666666 0.0016666666666666668 0.0016666666666666668 
0.35490196078431374 0.00196078431372549 0.00196078431372549 0.00196078431372549 0.00196078431372549 0.00196078431372549 0.00196078431372549 0.060784313725490195 0.00196078431372549 0.00196078431372549 0.021568627450980395 0.00196078431372549 0.00196078431372549 0.00196078431372549 0.00196078431372549 0.2372549019607843 0.08039215686274509 0.00196078431372549 0.00196078431372549 0.21764705882352942 
0.005 0.005 0.705 0.005 0.005 0.005 0.005 0.205 0.005 0.005 0.005 0.005 0.005 0.005 0.005 0.005 0.005 0.005 0.005 0.005 
0.005555555555555556 0.5611111111111111 0.005555555555555556 0.005555555555555556 0.005555555555555556 0.005555555555555556 0.005555555555555556 0.005555555555555556 0.005555555555555556 0.005555555555555556 0.005555555555555556 0.005555555555555556 0.005555555555555556 0.005555555555555556 0.33888888888888885 0.005555555555555556 0.005555555555555556 0.005555555555555556 0.005555555555555556 0.005555555555555556 
0.06875 0.00625 0.00625 0.00625 0.00625 0.00625 0.00625 0.00625 0.00625 0.00625 0.13125 0.00625 0.00625 0.00625 0.69375 0.00625 0.00625 0.00625 0.00625 0.00625 
0.0018181818181818182 0.0018181818181818182 0.40181818181818185 0.14727272727272728 0.02 0.0018181818181818182 0.0018181818181818182 0.0018181818181818182 0.0018181818181818182 0.0018181818181818182 0.0018181818181818182 0.2381818181818182 0.0018181818181818182 0.0018181818181818182 0.0018181818181818182 0.16545454545454544 0.0018181818181818182 0.0018181818181818182 0.0018181818181818182 0.0018181818181818182 
0.04230769230769231 0.08076923076923077 0.0038461538461538464 0.0038461538461538464 0.0038461538461538464 0.0038461538461538464 0.19615384615384615 0.0038461538461538464 0.23461538461538461 0.0038461538461538464 0.0038461538461538464 0.0038461538461538464 0.0038461538461538464 0.0038461538461538464 0.0038461538461538464 0.0038461538461538464 0.0038461538461538464 0.0038461538461538464 0.38846153846153847 0.0038461538461538464 
0.10408163265306122 0.04285714285714286 0.24693877551020407 0.0020408163265306124 0.0020408163265306124 0.0020408163265306124 0.0020408163265306124 0.0020408163265306124 0.0020408163265306124 0.0020408163265306124 0.14489795918367346 0.0020408163265306124 0.0020408163265306124 0.0020408163265306124 0.4102040816326531 0.0020408163265306124 0.0020408163265306124 0.0020408163265306124 0.0020408163265306124 0.022448979591836737 
0.0058823529411764705 0.0058823529411764705 0.5352941176470588 0.3588235294117647 0.0058823529411764705 0.0058823529411764705 0.0058823529411764705 0.0058823529411764705 0.0058823529411764705 0.0058823529411764705 0.0058823529411764705 0.0058823529411764705 0.0058823529411764705 0.0058823529411764705 0.0058823529411764705 0.0058823529411764705 0.0058823529411764705 0.0058823529411764705 0.0058823529411764705 0.0058823529411764705 
0.523913043478261 0.002173913043478261 0.21956521739130433 0.02391304347826087 0.002173913043478261 0.002173913043478261 0.002173913043478261 0.002173913043478261 0.002173913043478261 0.02391304347826087 0.002173913043478261 0.002173913043478261 0.002173913043478261 0.002173913043478261 0.002173913043478261 0.1760869565217391 0.002173913043478261 0.002173913043478261 0.002173913043478261 0.002173913043478261 
0.0033333333333333335 0.0033333333333333335 0.0033333333333333335 0.0033333333333333335 0.0033333333333333335 0.03666666666666667 0.0033333333333333335 0.0033333333333333335 0.0033333333333333335 0.0033333333333333335 0.0033333333333333335 0.10333333333333333 0.13666666666666666 0.0033333333333333335 0.0033333333333333335 0.0033333333333333335 0.10333333333333333 0.0033333333333333335 0.16999999999999998 0.4033333333333333 
0.0014285714285714286 0.0014285714285714286 0.0014285714285714286 0.0014285714285714286 0.0014285714285714286 0.0014285714285714286 0.0014285714285714286 0.015714285714285715 0.21571428571428572 0.0014285714285714286 0.0014285714285714286 0.0014285714285714286 0.0014285714285714286 0.0014285714285714286 0.0014285714285714286 0.23 0.17285714285714285 0.0014285714285714286 0.3442857142857143 0.0014285714285714286 
0.002173913043478261 0.002173913043478261 0.002173913043478261 0.002173913043478261 0.02391304347826087 0.002173913043478261 0.002173913043478261 0.002173913043478261 0.02391304347826087 0.002173913043478261 0.002173913043478261 0.002173913043478261 0.002173913043478261 0.002173913043478261 0.6978260869565218 0.02391304347826087 0.002173913043478261 0.002173913043478261 0.002173913043478261 0.19782608695652174 
0.1 0.004761904761904762 0.004761904761904762 0.004761904761904762 0.004761904761904762 0.004761904761904762 0.004761904761904762 0.004761904761904762 0.004761904761904762 0.004761904761904762 0.004761904761904762 0.004761904761904762 0.004761904761904762 0.004761904761904762 0.29047619047619044 0.5285714285714286 0.004761904761904762 0.004761904761904762 0.004761904761904762 0.004761904761904762 
0.0038461538461538464 0.0038461538461538464 0.0038461538461538464 0.23461538461538461 0.0038461538461538464 0.0038461538461538464 0.0038461538461538464 0.0038461538461538464 0.04230769230769231 0.0038461538461538464 0.0038461538461538464 0.0038461538461538464 0.0038461538461538464 0.0038461538461538464 0.0038461538461538464 0.31153846153846154 0.0038461538461538464 0.0038461538461538464 0.35 0.0038461538461538464 
0.002702702702702703 0.002702702702702703 0.002702702702702703 0.002702702702702703 0.002702702702702703 0.002702702702702703 0.002702702702702703 0.002702702702702703 0.2189189189189189 0.002702702702702703 0.02972972972972973 0.002702702702702703 0.002702702702702703 0.002702702702702703 0.7054054054054054 0.002702702702702703 0.002702702702702703 0.002702702702702703 0.002702702702702703 0.002702702702702703 
0.003448275862068966 0.003448275862068966 0.003448275862068966 0.24482758620689654 0.03793103448275863 0.07241379310344828 0.3137931034482758 0.07241379310344828 0.03793103448275863 0.003448275862068966 0.003448275862068966 0.003448275862068966 0.003448275862068966 0.003448275862068966 0.003448275862068966 0.003448275862068966 0.17586206896551723 0.003448275862068966 0.003448275862068966 0.003448275862068966 
0.002702702702702703 0.002702702702702703 0.002702702702702703 0.08378378378378379 0.13783783783783782 0.002702702702702703 0.02972972972972973 0.002702702702702703 0.5972972972972973 0.002702702702702703 0.002702702702702703 0.02972972972972973 0.002702702702702703 0.002702702702702703 0.08378378378378379 0.002702702702702703 0.002702702702702703 0.002702702702702703 0.002702702702702703 0.002702702702702703 
0.0014925373134328358 0.0014925373134328358 0.10597014925373134 0.0014925373134328358 0.16567164179104477 0.0014925373134328358 0.0014925373134328358 0.0014925373134328358 0.0014925373134328358 0.0014925373134328358 0.0014925373134328358 0.0014925373134328358 0.0014925373134328358 0.0014925373134328358 0.0014925373134328358 0.3447761194029851 0.0014925373134328358 0.0014925373134328358 0.28507462686567164 0.07611940298507462 
0.03235294117647059 0.0029411764705882353 0.0029411764705882353 0.0029411764705882353 0.0029411764705882353 0.0029411764705882353 0.15 0.0029411764705882353 0.15 0.03235294117647059 0.0029411764705882353 0.0029411764705882353 0.0029411764705882353 0.03235294117647059 0.0029411764705882353 0.0029411764705882353 0.0029411764705882353 0.0029411764705882353 0.5617647058823529 0.0029411764705882353 
0.25277777777777777 0.002777777777777778 0.6138888888888889 0.002777777777777778 0.002777777777777778 0.002777777777777778 0.058333333333333334 0.002777777777777778 0.002777777777777778 0.002777777777777778 0.002777777777777778 0.002777777777777778 0.002777777777777778 0.002777777777777778 0.002777777777777778 0.002777777777777778 0.030555555555555558 0.002777777777777778 0.002777777777777778 0.002777777777777778 
0.0032258064516129032 0.0032258064516129032 0.1 0.45483870967741935 0.035483870967741936 0.0032258064516129032 0.06774193548387097 0.0032258064516129032 0.035483870967741936 0.06774193548387097 0.0032258064516129032 0.035483870967741936 0.0032258064516129032 0.0032258064516129032 0.0032258064516129032 0.132258064516129 0.0032258064516129032 0.035483870967741936 0.0032258064516129032 0.0032258064516129032 
0.0058823529411764705 0.0058823529411764705 0.0058823529411764705 0.0058823529411764705 0.1823529411764706 0.0058823529411764705 0.0058823529411764705 0.0058823529411764705 0.0058823529411764705 0.0058823529411764705 0.3588235294117647 0.0058823529411764705 0.0058823529411764705 0.0058823529411764705 0.0058823529411764705 0.3588235294117647 0.0058823529411764705 0.0058823529411764705 0.0058823529411764705 0.0058823529411764705 
0.004545454545454546 0.004545454545454546 0.004545454545454546 0.004545454545454546 0.18636363636363634 0.004545454545454546 0.004545454545454546 0.004545454545454546 0.18636363636363634 0.05 0.004545454545454546 0.2318181818181818 0.004545454545454546 0.004545454545454546 0.004545454545454546 0.004545454545454546 0.004545454545454546 0.2772727272727273 0.004545454545454546 0.004545454545454546 
0.0020833333333333333 0.0020833333333333333 0.0020833333333333333 0.0020833333333333333 0.10625 0.14791666666666667 0.0020833333333333333 0.0020833333333333333 0.0020833333333333333 0.0020833333333333333 0.0020833333333333333 0.0020833333333333333 0.06458333333333334 0.0020833333333333333 0.0020833333333333333 0.21041666666666667 0.0020833333333333333 0.043750000000000004 0.3979166666666667 0.0020833333333333333 
0.0038461538461538464 0.0038461538461538464 0.0038461538461538464 0.0038461538461538464 0.08076923076923077 0.04230769230769231 0.0038461538461538464 0.04230769230769231 0.0038461538461538464 0.08076923076923077 0.0038461538461538464 0.04230769230769231 0.0038461538461538464 0.0038461538461538464 0.0038461538461538464 0.0038461538461538464 0.0038461538461538464 0.0038461538461538464 0.11923076923076924 0.5423076923076923 
0.4033333333333333 0.0033333333333333335 0.0033333333333333335 0.0033333333333333335 0.0033333333333333335 0.0033333333333333335 0.0033333333333333335 0.0033333333333333335 0.0033333333333333335 0.0033333333333333335 0.0033333333333333335 0.0033333333333333335 0.0033333333333333335 0.0033333333333333335 0.16999999999999998 0.0033333333333333335 0.0033333333333333335 0.0033333333333333335 0.16999999999999998 0.2033333333333333 
0.001639344262295082 0.018032786885245903 0.9524590163934427 0.001639344262295082 0.001639344262295082 0.001639344262295082 0.001639344262295082 0.001639344262295082 0.001639344262295082 0.001639344262295082 0.001639344262295082 0.001639344262295082 0.001639344262295082 0.001639344262295082 0.001639344262295082 0.001639344262295082 0.001639344262295082 0.001639344262295082 0.001639344262295082 0.001639344262295082 
0.02 0.0018181818181818182 0.62 0.0018181818181818182 0.0018181818181818182 0.0018181818181818182 0.0018181818181818182 0.0018181818181818182 0.0018181818181818182 0.0018181818181818182 0.0018181818181818182 0.14727272727272728 0.0018181818181818182 0.0018181818181818182 0.0018181818181818182 0.18363636363636363 0.0018181818181818182 0.0018181818181818182 0.0018181818181818182 0.0018181818181818182 
0.005 0.005 0.005 0.05500000000000001 0.005 0.005 0.005 0.005 0.05500000000000001 0.005 0.005 0.005 0.005 0.005 0.40499999999999997 0.005 0.005 0.005 0.355 0.05500000000000001 
0.0024390243902439024 0.0024390243902439024 0.19756097560975608 0.02682926829268293 0.051219512195121955 0.0024390243902439024 0.051219512195121955 0.02682926829268293 0.12439024390243901 0.0024390243902439024 0.0024390243902439024 0.0024390243902439024 0.0024390243902439024 0.02682926829268293 0.02682926829268293 0.2951219512195122 0.0024390243902439024 0.0024390243902439024 0.14878048780487804 0.0024390243902439024 
0.0025 0.0025 0.6525000000000001 0.0775 0.0025 0.1025 0.0025 0.0025 0.0025 0.0025 0.0025 0.0025 0.027500000000000004 0.1025 0.0025 0.0025 0.0025 0.0025 0.0025 0.0025 
0.1409090909090909 0.09545454545454546 0.3227272727272727 0.004545454545454546 0.2318181818181818 0.004545454545454546 0.004545454545454546 0.004545454545454546 0.004545454545454546 0.004545454545454546 0.09545454545454546 0.004545454545454546 0.004545454545454546 0.004545454545454546 0.004545454545454546 0.004545454545454546 0.004545454545454546 0.004545454545454546 0.004545454545454546 0.05 
0.001 0.021 0.001 0.001 0.001 0.001 0.001 0.001 0.001 0.001 0.201 0.001 0.071 0.001 0.001 0.331 0.341 0.021 0.001 0.001 
0.001724137931034483 0.001724137931034483 0.001724137931034483 0.001724137931034483 0.20862068965517241 0.10517241379310344 0.001724137931034483 0.018965517241379314 0.1396551724137931 0.001724137931034483 0.001724137931034483 0.2603448275862069 0.001724137931034483 0.001724137931034483 0.001724137931034483 0.19137931034482758 0.05344827586206897 0.001724137931034483 0.001724137931034483 0.001724137931034483 
0.004166666666666667 0.004166666666666667 0.08750000000000001 0.12916666666666668 0.12916666666666668 0.004166666666666667 0.08750000000000001 0.004166666666666667 0.004166666666666667 0.42083333333333334 0.004166666666666667 0.004166666666666667 0.004166666666666667 0.004166666666666667 0.04583333333333334 0.04583333333333334 0.004166666666666667 0.004166666666666667 0.004166666666666667 0.004166666666666667 
0.0015151515151515152 0.0015151515151515152 0.0015151515151515152 0.0015151515151515152 0.36515151515151517 0.0015151515151515152 0.0015151515151515152 0.35000000000000003 0.03181818181818182 0.16818181818181818 0.0015151515151515152 0.0015151515151515152 0.0015151515151515152 0.0015151515151515152 0.0015151515151515152 0.0015151515151515152 0.046969696969696974 0.0015151515151515152 0.016666666666666666 0.0015151515151515152 
0.22 0.0018181818181818182 0.0018181818181818182 0.0018181818181818182 0.0018181818181818182 0.0018181818181818182 0.0018181818181818182 0.0018181818181818182 0.0018181818181818182 0.0018181818181818182 0.07454545454545454 0.0018181818181818182 0.0018181818181818182 0.0018181818181818182 0.0018181818181818182 0.2381818181818182 0.40181818181818185 0.038181818181818185 0.0018181818181818182 0.0018181818181818182 
0.0014084507042253522 0.0014084507042253522 0.0014084507042253522 0.0014084507042253522 0.0014084507042253522 0.0014084507042253522 0.3676056338028169 0.0014084507042253522 0.12816901408450704 0.0014084507042253522 0.0014084507042253522 0.0014084507042253522 0.0014084507042253522 0.0014084507042253522 0.0014084507042253522 0.3535211267605634 0.0014084507042253522 0.0014084507042253522 0.12816901408450704 0.0014084507042253522 
0.005263157894736842 0.005263157894736842 0.005263157894736842 0.005263157894736842 0.005263157894736842 0.005263157894736842 0.005263157894736842 0.005263157894736842 0.005263157894736842 0.32105263157894737 0.005263157894736842 0.005263157894736842 0.005263157894736842 0.2157894736842105 0.3736842105263158 0.005263157894736842 0.005263157894736842 0.005263157894736842 0.005263157894736842 0.005263157894736842 
0.0033333333333333335 0.03666666666666667 0.10333333333333333 0.0033333333333333335 0.0033333333333333335 0.0033333333333333335 0.0033333333333333335 0.03666666666666667 0.67 0.10333333333333333 0.0033333333333333335 0.0033333333333333335 0.0033333333333333335 0.0033333333333333335 0.0033333333333333335 0.0033333333333333335 0.0033333333333333335 0.0033333333333333335 0.0033333333333333335 0.0033333333333333335 
0.025 0.002272727272727273 0.002272727272727273 0.002272727272727273 0.002272727272727273 0.002272727272727273 0.32045454545454544 0.002272727272727273 0.38863636363636367 0.20681818181818182 0.002272727272727273 0.002272727272727273 0.002272727272727273 0.002272727272727273 0.002272727272727273 0.002272727272727273 0.002272727272727273 0.002272727272727273 0.025 0.002272727272727273 
0.0011363636363636365 0.14886363636363636 0.4102272727272727 0.0011363636363636365 0.10340909090909091 0.0011363636363636365 0.0011363636363636365 0.0011363636363636365 0.05795454545454545 0.09204545454545454 0.0011363636363636365 0.023863636363636365 0.035227272727272725 0.0011363636363636365 0.11477272727272726 0.0011363636363636365 0.0011363636363636365 0.0011363636363636365 0.0011363636363636365 0.0011363636363636365 
0.10512820512820512 0.002564102564102564 0.7717948717948718 0.002564102564102564 0.002564102564102564 0.002564102564102564 0.002564102564102564 0.002564102564102564 0.002564102564102564 0.002564102564102564 0.002564102564102564 0.05384615384615385 0.002564102564102564 0.002564102564102564 0.002564102564102564 0.002564102564102564 0.02820512820512821 0.002564102564102564 0.002564102564102564 0.002564102564102564 
9.900990099009901E-4 9.900990099009901E-4 0.28811881188118815 9.900990099009901E-4 9.900990099009901E-4 9.900990099009901E-4 9.900990099009901E-4 9.900990099009901E-4 9.900990099009901E-4 9.900990099009901E-4 0.020792079207920793 9.900990099009901E-4 0.030693069306930693 0.04059405940594059 0.1297029702970297 0.24851485148514854 0.010891089108910892 9.900990099009901E-4 9.900990099009901E-4 0.21881188118811884 
0.0030303030303030303 0.0030303030303030303 0.0030303030303030303 0.03333333333333333 0.0030303030303030303 0.0030303030303030303 0.6393939393939394 0.0030303030303030303 0.0030303030303030303 0.0030303030303030303 0.0030303030303030303 0.15454545454545454 0.0030303030303030303 0.0030303030303030303 0.0030303030303030303 0.03333333333333333 0.0030303030303030303 0.09393939393939395 0.0030303030303030303 0.0030303030303030303 
0.284375 0.003125 0.378125 0.003125 0.003125 0.003125 0.003125 0.096875 0.096875 0.003125 0.003125 0.003125 0.034375 0.034375 0.003125 0.003125 0.003125 0.003125 0.034375 0.003125 
0.0014492753623188406 0.0014492753623188406 0.0014492753623188406 0.4797101449275363 0.0014492753623188406 0.01594202898550725 0.0014492753623188406 0.0014492753623188406 0.0014492753623188406 0.0014492753623188406 0.0014492753623188406 0.0014492753623188406 0.0014492753623188406 0.0014492753623188406 0.0014492753623188406 0.4797101449275363 0.0014492753623188406 0.0014492753623188406 0.0014492753623188406 0.0014492753623188406 
0.0014285714285714286 0.0014285714285714286 0.10142857142857142 0.0014285714285714286 0.0014285714285714286 0.058571428571428566 0.0014285714285714286 0.0014285714285714286 0.0014285714285714286 0.0014285714285714286 0.015714285714285715 0.0014285714285714286 0.030000000000000002 0.0014285714285714286 0.3728571428571429 0.40142857142857147 0.0014285714285714286 0.0014285714285714286 0.0014285714285714286 0.0014285714285714286 
0.027500000000000004 0.2525 0.0025 0.0025 0.1275 0.0025 0.0775 0.0025 0.0025 0.0025 0.0025 0.1525 0.0025 0.0025 0.0025 0.3275 0.0025 0.0025 0.0025 0.0025 
0.002325581395348837 0.002325581395348837 0.002325581395348837 0.002325581395348837 0.002325581395348837 0.002325581395348837 0.002325581395348837 0.002325581395348837 0.07209302325581396 0.32790697674418606 0.002325581395348837 0.002325581395348837 0.025581395348837212 0.002325581395348837 0.2116279069767442 0.30465116279069765 0.002325581395348837 0.002325581395348837 0.025581395348837212 0.002325581395348837 
0.21785714285714283 0.0035714285714285718 0.5750000000000001 0.0035714285714285718 0.0035714285714285718 0.0035714285714285718 0.0035714285714285718 0.075 0.0035714285714285718 0.0035714285714285718 0.0035714285714285718 0.0035714285714285718 0.0035714285714285718 0.0035714285714285718 0.03928571428571429 0.03928571428571429 0.0035714285714285718 0.0035714285714285718 0.0035714285714285718 0.0035714285714285718 
0.2323671497584541 0.005314009661835749 0.47874396135265695 4.8309178743961357E-4 4.8309178743961357E-4 0.005314009661835749 4.8309178743961357E-4 4.8309178743961357E-4 4.8309178743961357E-4 0.005314009661835749 4.8309178743961357E-4 4.8309178743961357E-4 0.029468599033816423 4.8309178743961357E-4 0.01497584541062802 0.22270531400966184 4.8309178743961357E-4 4.8309178743961357E-4 4.8309178743961357E-4 4.8309178743961357E-4 
0.0012987012987012987 0.5597402597402598 0.027272727272727275 0.15714285714285714 0.0012987012987012987 0.027272727272727275 0.0012987012987012987 0.0012987012987012987 0.0012987012987012987 0.0012987012987012987 0.0012987012987012987 0.0012987012987012987 0.0012987012987012987 0.0012987012987012987 0.11818181818181818 0.07922077922077922 0.014285714285714287 0.0012987012987012987 0.0012987012987012987 0.0012987012987012987 
0.00196078431372549 0.00196078431372549 0.00196078431372549 0.00196078431372549 0.00196078431372549 0.00196078431372549 0.511764705882353 0.00196078431372549 0.00196078431372549 0.021568627450980395 0.00196078431372549 0.00196078431372549 0.00196078431372549 0.00196078431372549 0.00196078431372549 0.43333333333333335 0.00196078431372549 0.00196078431372549 0.00196078431372549 0.00196078431372549 
0.00196078431372549 0.00196078431372549 0.00196078431372549 0.09999999999999999 0.00196078431372549 0.021568627450980395 0.041176470588235294 0.00196078431372549 0.00196078431372549 0.00196078431372549 0.09999999999999999 0.00196078431372549 0.00196078431372549 0.00196078431372549 0.00196078431372549 0.00196078431372549 0.00196078431372549 0.00196078431372549 0.6882352941176471 0.021568627450980395 
0.0014925373134328358 0.0014925373134328358 0.0014925373134328358 0.19552238805970149 0.09104477611940298 0.03134328358208956 0.0014925373134328358 0.0014925373134328358 0.0014925373134328358 0.0014925373134328358 0.0014925373134328358 0.2701492537313433 0.0014925373134328358 0.0014925373134328358 0.09104477611940298 0.30000000000000004 0.0014925373134328358 0.0014925373134328358 0.0014925373134328358 0.0014925373134328358 
0.0030303030303030303 0.0030303030303030303 0.5484848484848486 0.0030303030303030303 0.0030303030303030303 0.0030303030303030303 0.0030303030303030303 0.0030303030303030303 0.0030303030303030303 0.0030303030303030303 0.0030303030303030303 0.09393939393939395 0.0030303030303030303 0.0030303030303030303 0.21515151515151515 0.0030303030303030303 0.0030303030303030303 0.0030303030303030303 0.09393939393939395 0.0030303030303030303 
0.3941176470588236 0.00196078431372549 0.5509803921568628 0.021568627450980395 0.00196078431372549 0.00196078431372549 0.00196078431372549 0.00196078431372549 0.00196078431372549 0.00196078431372549 0.00196078431372549 0.00196078431372549 0.00196078431372549 0.00196078431372549 0.00196078431372549 0.00196078431372549 0.00196078431372549 0.00196078431372549 0.00196078431372549 0.00196078431372549 
0.003448275862068966 0.003448275862068966 0.14137931034482756 0.003448275862068966 0.003448275862068966 0.003448275862068966 0.003448275862068966 0.003448275862068966 0.003448275862068966 0.03793103448275863 0.003448275862068966 0.003448275862068966 0.10689655172413794 0.003448275862068966 0.003448275862068966 0.21034482758620687 0.003448275862068966 0.003448275862068966 0.07241379310344828 0.38275862068965516 
0.0018867924528301887 0.0018867924528301887 0.9264150943396227 0.0018867924528301887 0.0018867924528301887 0.0018867924528301887 0.0018867924528301887 0.0018867924528301887 0.0018867924528301887 0.0018867924528301887 0.0018867924528301887 0.0018867924528301887 0.020754716981132078 0.0018867924528301887 0.0018867924528301887 0.0018867924528301887 0.020754716981132078 0.0018867924528301887 0.0018867924528301887 0.0018867924528301887 
0.002 0.002 0.002 0.042 0.002 0.022000000000000002 0.002 0.002 0.042 0.002 0.322 0.022000000000000002 0.002 0.022000000000000002 0.002 0.022000000000000002 0.342 0.002 0.142 0.002 
0.12142857142857141 0.002380952380952381 0.002380952380952381 0.0976190476190476 0.002380952380952381 0.002380952380952381 0.02619047619047619 0.002380952380952381 0.002380952380952381 0.6452380952380953 0.02619047619047619 0.02619047619047619 0.002380952380952381 0.002380952380952381 0.02619047619047619 0.002380952380952381 0.002380952380952381 0.002380952380952381 0.002380952380952381 0.002380952380952381 
0.002857142857142857 0.002857142857142857 0.6028571428571429 0.3457142857142857 0.002857142857142857 0.002857142857142857 0.002857142857142857 0.002857142857142857 0.002857142857142857 0.002857142857142857 0.002857142857142857 0.002857142857142857 0.002857142857142857 0.002857142857142857 0.002857142857142857 0.002857142857142857 0.002857142857142857 0.002857142857142857 0.002857142857142857 0.002857142857142857 
0.002631578947368421 0.002631578947368421 0.10789473684210525 0.002631578947368421 0.05526315789473685 0.002631578947368421 0.002631578947368421 0.002631578947368421 0.31842105263157894 0.002631578947368421 0.2921052631578947 0.002631578947368421 0.002631578947368421 0.002631578947368421 0.002631578947368421 0.002631578947368421 0.16052631578947368 0.002631578947368421 0.002631578947368421 0.028947368421052635 
0.0017543859649122807 0.08947368421052632 0.7912280701754386 0.0017543859649122807 0.0017543859649122807 0.0017543859649122807 0.0017543859649122807 0.0017543859649122807 0.0017543859649122807 0.0017543859649122807 0.0017543859649122807 0.0017543859649122807 0.0017543859649122807 0.0017543859649122807 0.0017543859649122807 0.0017543859649122807 0.0017543859649122807 0.0017543859649122807 0.08947368421052632 0.0017543859649122807 
0.00625 0.00625 0.00625 0.00625 0.44375 0.00625 0.00625 0.00625 0.13125 0.00625 0.00625 0.00625 0.00625 0.00625 0.00625 0.06875 0.00625 0.13125 0.00625 0.13125 
0.004761904761904762 0.1 0.004761904761904762 0.004761904761904762 0.004761904761904762 0.05238095238095238 0.05238095238095238 0.14761904761904762 0.004761904761904762 0.29047619047619044 0.004761904761904762 0.05238095238095238 0.05238095238095238 0.004761904761904762 0.004761904761904762 0.004761904761904762 0.004761904761904762 0.14761904761904762 0.004761904761904762 0.05238095238095238 
0.003125 0.034375 0.003125 0.003125 0.034375 0.003125 0.003125 0.003125 0.378125 0.034375 0.003125 0.003125 0.034375 0.003125 0.096875 0.128125 0.065625 0.034375 0.003125 0.128125 
0.004166666666666667 0.004166666666666667 0.7541666666666668 0.1708333333333333 0.004166666666666667 0.004166666666666667 0.004166666666666667 0.004166666666666667 0.004166666666666667 0.004166666666666667 0.004166666666666667 0.004166666666666667 0.004166666666666667 0.004166666666666667 0.004166666666666667 0.004166666666666667 0.004166666666666667 0.004166666666666667 0.004166666666666667 0.004166666666666667 
0.005555555555555556 0.005555555555555556 0.005555555555555556 0.33888888888888885 0.005555555555555556 0.005555555555555556 0.005555555555555556 0.005555555555555556 0.005555555555555556 0.061111111111111116 0.005555555555555556 0.005555555555555556 0.005555555555555556 0.005555555555555556 0.17222222222222222 0.005555555555555556 0.005555555555555556 0.22777777777777775 0.005555555555555556 0.11666666666666667 
0.002127659574468085 0.04468085106382979 0.002127659574468085 0.38510638297872346 0.002127659574468085 0.02340425531914894 0.06595744680851064 0.002127659574468085 0.34255319148936175 0.002127659574468085 0.002127659574468085 0.002127659574468085 0.002127659574468085 0.002127659574468085 0.002127659574468085 0.04468085106382979 0.002127659574468085 0.02340425531914894 0.04468085106382979 0.002127659574468085 
0.0035714285714285718 0.0035714285714285718 0.8250000000000001 0.0035714285714285718 0.0035714285714285718 0.0035714285714285718 0.0035714285714285718 0.0035714285714285718 0.0035714285714285718 0.0035714285714285718 0.0035714285714285718 0.0035714285714285718 0.0035714285714285718 0.0035714285714285718 0.0035714285714285718 0.0035714285714285718 0.11071428571428572 0.0035714285714285718 0.0035714285714285718 0.0035714285714285718 
0.001724137931034483 0.001724137931034483 0.001724137931034483 0.018965517241379314 0.001724137931034483 0.001724137931034483 0.001724137931034483 0.001724137931034483 0.07068965517241378 0.018965517241379314 0.001724137931034483 0.07068965517241378 0.001724137931034483 0.001724137931034483 0.07068965517241378 0.03620689655172414 0.001724137931034483 0.1568965517241379 0.24310344827586206 0.2948275862068966 
0.004761904761904762 0.004761904761904762 0.004761904761904762 0.004761904761904762 0.004761904761904762 0.05238095238095238 0.004761904761904762 0.004761904761904762 0.3857142857142857 0.004761904761904762 0.004761904761904762 0.004761904761904762 0.004761904761904762 0.004761904761904762 0.004761904761904762 0.004761904761904762 0.3857142857142857 0.004761904761904762 0.1 0.004761904761904762 
0.0018867924528301887 0.24716981132075472 0.3226415094339623 0.0018867924528301887 0.0018867924528301887 0.0018867924528301887 0.0018867924528301887 0.0018867924528301887 0.1339622641509434 0.020754716981132078 0.0018867924528301887 0.020754716981132078 0.0018867924528301887 0.0018867924528301887 0.0018867924528301887 0.0018867924528301887 0.0018867924528301887 0.0018867924528301887 0.020754716981132078 0.20943396226415092 
0.0022222222222222222 0.0022222222222222222 0.40222222222222226 0.0022222222222222222 0.04666666666666667 0.0022222222222222222 0.06888888888888889 0.04666666666666667 0.0022222222222222222 0.024444444444444446 0.0022222222222222222 0.0022222222222222222 0.0022222222222222222 0.0911111111111111 0.04666666666666667 0.0022222222222222222 0.22444444444444445 0.0022222222222222222 0.0022222222222222222 0.024444444444444446 
0.004166666666666667 0.08750000000000001 0.004166666666666667 0.004166666666666667 0.004166666666666667 0.004166666666666667 0.004166666666666667 0.004166666666666667 0.004166666666666667 0.004166666666666667 0.2125 0.004166666666666667 0.004166666666666667 0.04583333333333334 0.08750000000000001 0.004166666666666667 0.29583333333333334 0.004166666666666667 0.2125 0.004166666666666667 
0.0024390243902439024 0.0024390243902439024 0.14878048780487804 0.0024390243902439024 0.0024390243902439024 0.0024390243902439024 0.0024390243902439024 0.0024390243902439024 0.0024390243902439024 0.0024390243902439024 0.0024390243902439024 0.2707317073170732 0.02682926829268293 0.0024390243902439024 0.19756097560975608 0.0024390243902439024 0.02682926829268293 0.0024390243902439024 0.19756097560975608 0.09999999999999999 
0.18703703703703703 0.001851851851851852 0.001851851851851852 0.001851851851851852 0.05740740740740741 0.001851851851851852 0.001851851851851852 0.001851851851851852 0.001851851851851852 0.09444444444444444 0.001851851851851852 0.001851851851851852 0.001851851851851852 0.001851851851851852 0.29814814814814816 0.001851851851851852 0.001851851851851852 0.001851851851851852 0.3351851851851852 0.001851851851851852 
0.0029411764705882353 0.2676470588235294 0.4735294117647059 0.0029411764705882353 0.0029411764705882353 0.0029411764705882353 0.0029411764705882353 0.0029411764705882353 0.0029411764705882353 0.0029411764705882353 0.0029411764705882353 0.20882352941176469 0.0029411764705882353 0.0029411764705882353 0.0029411764705882353 0.0029411764705882353 0.0029411764705882353 0.0029411764705882353 0.0029411764705882353 0.0029411764705882353 
0.0032258064516129032 0.0032258064516129032 0.48709677419354835 0.0032258064516129032 0.0032258064516129032 0.0032258064516129032 0.035483870967741936 0.0032258064516129032 0.0032258064516129032 0.0032258064516129032 0.0032258064516129032 0.0032258064516129032 0.0032258064516129032 0.035483870967741936 0.26129032258064516 0.0032258064516129032 0.0032258064516129032 0.0032258064516129032 0.0032258064516129032 0.132258064516129 
